rho_b mu_T0.900 mu_T1.000 mu_T1.200 mu_T1.500 mu_T2.000
0.00001 -11.64598797665274076962 -11.68063070283567839169 -11.74106477592623143380 -11.81134246705210166795 -11.88097732172644072079
0.01112 -4.45053091502253916900 -4.45030611622397831439 -4.45016124713485172748 -4.45128896713321164924 -4.45691153276030949115
0.02223 -3.71189664210039671488 -3.71220572192627473740 -3.71299911947208904905 -3.71527840102869566508 -3.72238667209106965927
0.03334 -3.25236244171262933733 -3.25341896408201414204 -3.25553179960848027008 -3.25947080247999387836 -3.26882020818592256006
0.04445 -2.90842902049231177841 -2.91014372715162883409 -2.91336380830216068460 -2.91861271253037113382 -2.92962508812355659771
0.05557 -2.62803948931644892895 -2.63036705075453269842 -2.63457639025400602861 -2.64092380778740398739 -2.65322024630259001299
0.06668 -2.38796819847965036132 -2.39090533644103775401 -2.39606972152137531751 -2.40342916655683280780 -2.41683395308398996093
0.07779 -2.17566820853866227381 -2.17923936128533979328 -2.18538168018973966156 -2.19375106584943413424 -2.20822748410619418280
0.08890 -1.98347670232810835422 -1.98772746699609625942 -1.99490869438209394993 -2.00433499019899219462 -2.01992649209060548543
0.10001 -1.80630554755984529258 -1.81129833027182796101 -1.81960382052718383505 -1.83016647865830650588 -1.84695692833720426229
0.11112 -1.64056998253435759594 -1.64637744182915368718 -1.65591639054388672925 -1.66771429539293913891 -1.68580871576637902898
0.12223 -1.48362456232942174772 -1.49033646238483008517 -1.50123678100741919650 -1.51438514900840348609 -1.53389690805114331518
0.13334 -1.33345249081099304078 -1.34117164969885638293 -1.35358372092688372668 -1.36821737623656081162 -1.38926365733588030871
0.14445 -1.18847044955141467604 -1.19731637476332108960 -1.21141680763609338456 -1.22768875645048547440 -1.25039240418322017412
0.15556 -1.04740613407296523363 -1.05751567799252854662 -1.07351058406037669357 -1.09160130948228228931 -1.11609488445920335131
0.16668 -0.90922370840371835587 -0.92075065077604034691 -0.93887463499368417619 -0.95899668611348853897 -0.98542836583913551163
0.17779 -0.77306942631243413810 -0.78617684520720199082 -0.80669562508104986076 -0.82909826900004102157 -0.85764245666502669785
0.18890 -0.63824432381559847993 -0.65309756311346534030 -0.67629563149382110332 -0.70126532873083591291 -0.73213147458006377910
0.20001 -0.50419456820963926003 -0.52094299631594720434 -0.54710800462245046116 -0.57496673875330972514 -0.60840828233241128764
0.21112 -0.37051009344631768982 -0.38926910566860772889 -0.41866158651882745545 -0.44974993872219659607 -0.48607157849842647090
0.22223 -0.23692589537353814233 -0.25775604979248345483 -0.29057842032165825952 -0.32522850839348138585 -0.36478691832275689233
0.23334 -0.10331021247231708671 -0.12620984039628255213 -0.16257606492364151674 -0.20107828054749712909 -0.24426876006448014489
0.24445 0.03036915750261641109 0.00545203180071211508 -0.03446996717694901513 -0.07703054433110856358 -0.12426841764691971826
0.25556 0.16410618409013147390 0.13725000008439416921 0.09383659967278833169 0.04712086280679102929 -0.00455922499800328045
0.26667 0.29792364788291536559 0.26919468641517246832 0.22238095927474579860 0.17151292538879003846 0.11506112790343854535
0.27779 0.43192384544186568363 0.40135047736935591800 0.35118792334370596553 0.29622886529736502936 0.23477671399884206260
0.28890 0.56630508860308237384 0.53386776407915659259 0.48032467302042541890 0.42131535967547006916 0.35474674686152046776
0.30001 0.70133941812253286496 0.66697972507214831062 0.60992878122067739621 0.54681723756528188840 0.47510045261121081062
0.31112 0.83733193662274274516 0.80097954037297169894 0.74022166540730383044 0.67282216336834810289 0.59593813231099024286
0.32223 0.97459237656585662180 0.93617670640937777904 0.87148563942901580148 0.79948632845870926111 0.71734540591232254236
0.33334 1.11339826139378272885 1.07286304983067237728 1.00402469166683894208 0.92703027352261302418 0.83940786894726515666
0.34445 1.25398926912827124447 1.21129541527313810967 1.13813524447960445762 1.05572037874741142538 0.96223788439316315646
0.35556 1.39656975139509387240 1.35168888462911795934 1.27408411420713574280 1.18584563626180816698 1.08599164379964974181
0.36667 1.54131536792842216421 1.49421696971980400015 1.41209559725848499134 1.31768160175410598001 1.21087246250239699563
0.37778 1.68838411601997862022 1.63902932437874326865 1.55235296544052636669 1.45148307093597916939 1.33711582430817155220
0.38890 1.83792295959184959209 1.78624859335611652078 1.69500127365778285871 1.58746710350702602277 1.46496620681474998271
0.40001 1.99007769731763728416 1.93599577979329962041 1.84015389565709952535 1.72581835870031241598 1.59466143707517526984
0.41112 2.14499750906424591079 2.08838692552046856221 1.98790636998610570352 1.86668697220282631122 1.72641936308341104045
0.42223 2.30283038422490982100 2.24354522058393390793 2.13833992239858527995 2.01019541999723339032 1.86042873618032378324
0.43334 2.46373253519235424491 2.40160613686738777517 2.29153209407029923028 2.15644674904046818043 1.99685149867234978949
0.44445 2.62786016245592879415 2.56271133108843596204 2.44756564827669897966 2.30551967402209090352 2.13582453485239787128
0.45556 2.79536710187574266584 2.72700963374753824198 2.60653076550145978985 2.45748219892164110334 2.27745852944036375476
0.46667 2.96641556661767102909 2.89466444843453540869 2.76853720563096139529 2.61239592450303170779 2.42185227339905839727
0.47778 3.14116493415281228252 3.06583896827146462627 2.93370596122190407939 2.77031317901060036846 2.56907979201719260942
0.48889 3.31978409077444958086 3.24070970799246715899 3.10218231465140270586 2.93129341294089229564 2.71920888115683467845
0.50001 3.50246185392922448898 3.41946119446343477222 3.27413410276955652023 3.09540838379448857154 2.87229699272698368873
0.51112 3.68938688243818413426 3.60228494562101531073 3.44973424877119194676 3.26273063625288139988 3.02838806165647644875
0.52223 3.88078164366461120238 3.78939389494634948363 3.62918757704473815551 3.43337201384283385863 3.18753241804815568017
0.53334 4.07688777215911635210 3.98101537235214086863 3.81271045024825872005 3.60745303543044881778 3.34977261836959661068
0.54445 4.27797285274543526157 4.17740122036018135532 4.00053516534843200958 3.78512779525794806901 3.51515546945609802520
0.55556 4.48433242071236914938 4.37882170761193556530 4.19291291368569662978 3.96658549392785353405 3.68373618305291428143
0.56667 4.69628910304851121538 4.58557419015712408594 4.39011530162639207475 4.15203718377895025782 3.85558370782680137623
0.57778 4.91419507977036662538 4.79798795935181843220 4.59243871828583927197 4.34173538395432689896 4.03078987213639461373
0.58889 5.13840261567537126552 5.01639762938920874547 4.80018583405916032802 4.53594652284089683292 4.20945516789857521189
0.60000 5.36928601785797088297 5.24115748973983741621 5.01368089338439926195 4.73497100301879925155 4.39171119257110564860
0.61112 5.60721931423343367129 5.47262916578448965765 5.23326788057483405225 4.93913135542072012640 4.57772598375476569288
0.62223 5.85254389826557108734 5.71116168228885623392 5.45928055874607043307 5.14875371233722667341 4.76768071381351443705
0.63334 6.10560667779464161242 5.95710194470900944452 5.69206917550582325305 5.36419308259505633885 4.96181690814513576271
0.64445 6.36668863709130139483 6.21075477917351559398 5.93196001322426713642 5.58579245026268811358 5.16038504011788212722
0.65556 6.63602012834812704511 6.47238153467442156597 6.17925400028492521898 5.81389373932148512125 5.36367506227757040449
0.66667 6.91378756943986605421 6.74220153323457438432 6.43422576466844287069 6.04883166829393115194 5.57201310626313794927
0.67778 7.20008057250089805734 7.02035730971403282297 6.69709509648389911263 6.29090326918668907297 5.78573101843900960972
0.68889 7.49493153266601996876 7.30693276290588844546 6.96803028707199523240 6.54038603572540733211 6.00518734721832903034
0.70000 7.79827657996979084487 7.60192362033691715340 7.24712673484649982925 6.79749647342529605965 6.23073593389358837413
0.71111 8.10998895284526000182 7.90526273366801390807 7.53442170640818797978 7.06240966388575763801 6.46273257753245555790
0.72223 8.42985426451256358860 8.21679674746086696757 7.82986914278557399882 7.33522211576988780735 6.70149504305412868632
0.73334 8.75759578050859666121 8.53630328382738312598 8.13335013593919953223 7.61597609628923599701 6.94731831707247149410
0.74445 9.09287728693442609540 8.86350812342124250165 8.44469250967459927892 7.90463055994468177801 7.20045365669684844789
0.75556 9.43530887058275347101 9.19806808021562716249 8.76364177063005556079 8.20107501533525606874 7.46107810524004122499
0.76667 9.78447645363743667701 9.53962438855107208724 9.08991926274235595429 8.50514715275700439179 7.72931688389714199872
0.77778 10.13991038343984740777 9.88774363825399404959 9.42318312475759611857 8.81659952948171721232 8.00521246931630869881
0.78889 10.50114264217840975846 10.24200358215796136108 9.76306452480780428971 9.13515104691016155414 8.28872694794165632004
0.80000 10.86769542333790639077 10.60194453832814076577 10.10918006727406215361 9.46047935316273402861 8.57975349256703090361
0.81111 11.23906590196620491895 10.96710468885432732122 10.46111466142665413770 9.79222942850123878600 8.87810017320643929395
0.82222 11.61479106496118696157 11.33702674363397733259 10.81846442578577338622 10.13003554795526639509 9.18351951096796170759
0.83334 11.99441150442284609312 11.71126369253319765562 11.18081668344658829994 10.47352508321923281187 9.49571326891106970436
0.84445 12.37745523641792466663 12.08935213278022935413 11.54774618242469585994 10.82230806539741330141 9.81431913564887814516
0.85556 12.76352349254599438666 12.47088376018515454291 11.91886750480643009098 11.17603054973593579291 10.13896981403341968075
0.86667 13.15218682786964876641 12.85542149946236101243 12.29375596925759239753 11.53431172868752341287 10.46924348375344138162
0.87778 13.54310049129762738573 13.24260439087190732721 12.67205537678041160632 11.89682020260133477052 10.80477155376710740597
0.88889 13.93590240437702654219 13.63205413968281121129 13.05337696129993929617 12.26321201379017011845 11.14512901265339017698
0.90000 14.33029519392661654820 14.02344380404166734877 13.43737374140433971093 12.63317261816672854025 11.48994885470084703627
0.91111 14.72598990802112517429 14.41646442012134521349 13.82370719222370070156 13.00638541774097411974 11.83887633876148015588
0.92222 15.12272894465942307818 14.81082880675811530580 14.21206247890014573443 13.38255083549041657420 12.19157659995574860545
0.93333 15.52028983213432766775 15.20628493310936413252 14.60213702108391231604 13.76138442041405163252 12.54775183679588757002
0.94445 15.91848051367617600249 15.60261785803652756499 14.99366724406100104261 14.14260732851839996727 12.90713274393893073011
0.95556 16.31710499629953758927 15.99959820804575372222 15.38639134654978235517 14.52593869266489434722 13.26947086963632749246
0.96667 16.71603485238850339556 16.39707084596455644032 15.78009696901143321668 14.91114421880543972065 13.63456627023519018849
0.97778 17.11511296869758069761 16.79487103678229686921 16.17455930353644788511 15.29795140768531425124 14.00221318747047050124
0.98889 17.51424505064002090649 17.19286252805701309399 16.56961347219458602353 15.68615056631079873739 14.37224389764777399137
1.00000 17.91332144665762982072 17.59093375515982415891 16.96508117032095697141 16.07551856350943353391 14.74449343705222048584
1.01111 18.31226103692209150609 17.98897688775216963109 17.36082785515939619359 16.46584456353341963109 15.11880152516519615347
1.02222 18.71097878016557558567 18.38689163340654175727 17.75671318186845581977 16.85693672312822144477 15.49500682963457087737
1.03333 19.10943721414265183967 18.78462718415913101921 18.15263865876850601921 17.24863933206257371467 15.87297748017963705536
1.04444 19.50755878046566138551 19.18209643915706763551 18.54850955370479681505 17.64078898218685154120 16.25254626635128119005
1.05556 19.90532301900808676010 19.57926939962332113510 18.94423865316336019760 18.03324698064749043169 16.63357161519949301010
1.06667 20.30268082068559820641 19.97608169768449926096 19.33975586341020758141 18.42587838004228473210 17.01588425276872129643
1.07778 20.69961538759756436434 20.37251653925466854389 19.73501387468862944274 18.81859579721975705979 17.39935293833303830979
1.08889 21.09607175188898864349 20.76850942545771161463 20.12994626360773864349 19.21128133326410036830 17.78378919535516544670
1.10000 21.49205777082299917424 21.16406627950524921289 20.52451512250756948674 19.60386273107385335379 18.16908261213160002967
