rho_b mu_T0.900 mu_T1.000 mu_T1.200 mu_T1.500 mu_T2.000
0.00001 -11.51303211023581773986 -11.51301288380304654879 -11.51298614829450706054 -11.51296205134934602654 -11.51294078856938440936
0.01112 -4.61621563799037915032 -4.59513872424466551792 -4.56577314338511719427 -4.53923486072957249604 -4.51574493960554601557
0.02223 -4.03805678385347821546 -3.99653976533244481573 -3.93857929934343831135 -3.88605440820495529053 -3.83941422985810776325
0.03334 -3.74457173262351972198 -3.68324003579059011670 -3.59743891414489613823 -3.51946362844079718712 -3.44999881509963213233
0.04445 -3.56604353945113494717 -3.48552443100527575837 -3.37264018040659063757 -3.26975488801632030444 -3.17779633931555371973
0.05557 -3.44924382752299685251 -3.35016097557368430770 -3.21094805274384498261 -3.08369316134955573361 -2.96957513411186591057
0.06668 -3.37045549797632260081 -3.25342403568612370535 -3.08862799433559809259 -2.93754004345817776311 -2.80159823991504453033
0.07779 -3.31703106164074723594 -3.18265310506448928507 -2.99300524438599069299 -2.81861325506973381394 -2.66118291391693384540
0.08890 -3.28143164929331065949 -3.13029223236337328373 -2.91650468859763289942 -2.71932673306255212609 -2.54074072509830495292
0.10001 -3.25880946796406512078 -3.09147286638879359444 -2.85423412011340404959 -2.63477410210634044319 -2.43536103781655999256
0.11112 -3.24587246216823954725 -3.06287888484953674251 -2.80284966518449651929 -2.56159430814806166055 -2.34167666878209734804
0.12223 -3.24029266441719832059 -3.04215529621181923758 -2.75996486958096998166 -2.49738091448551102758 -2.25727322115961470672
0.13334 -3.24037276034628307642 -3.02757514389428150636 -2.72381797971818029325 -2.44034959777133497738 -2.18035663515965172365
0.14445 -3.24484625758319200628 -3.01784000475740343816 -2.69307281380562146822 -2.38913924152268419832 -2.10955435392626355906
0.15556 -3.25275159177329609150 -3.01195441727586876723 -2.66669356064608820134 -2.34268696614606586337 -2.04379044432029433054
0.16668 -3.26334943224616580437 -3.00914350316611223235 -2.64386277120949619857 -2.30014636127465665894 -1.98220393847052966940
0.17779 -3.27606638358365209740 -3.00879697947747137832 -2.62392574064112604759 -2.26083211818982432462 -1.92409359352987241465
0.18890 -3.29045543280886310100 -3.01042991119359415464 -2.60635163085564069974 -2.22418141215144160583 -1.86887941880412999929
0.20001 -3.30616736510406639127 -3.01365442725596732743 -2.59070555631334586977 -2.18972625656849162468 -1.81607519127758387789
0.21112 -3.32292956481892343135 -3.01815881653144169050 -2.57662804886818674888 -2.15707324397866484489 -1.76526837340595110781
0.22223 -3.34052991027310763883 -3.02369171180901963325 -2.56381960890761373406 -2.12588837994737955839 -1.71610513804670294924
0.23334 -3.35880425747975364104 -3.03004985640704704863 -2.55202883633497901172 -2.09588550219268299202 -1.66827899149021474656
0.24445 -3.37762650129495556328 -3.03706844126535946415 -2.54104312812759891571 -2.06681727033392403925 -1.62152197857590008034
0.25556 -3.39690052013259613517 -3.04461331797895473628 -2.53068124671765870559 -2.03846802911976165973 -1.57559777129028955045
0.26667 -3.41655351967757825449 -3.05257460249733769686 -2.52078727267631164111 -2.01064805719527184280 -1.53029615142363550895
0.27779 -3.43653043183086737145 -3.06086132500755336849 -2.51122559596700245521 -1.98318885424571034193 -1.48542853863098067713
0.28890 -3.45678912162594720314 -3.06939687803384186893 -2.50187669656034161747 -1.95593921588915953258 -1.44082431178221637147
0.30001 -3.47729622212577194063 -3.07811508207617468003 -2.49263353251817276757 -1.92876191302604782507 -1.39632773883480720833
0.31112 -3.49802346491936821948 -3.08695673574755513613 -2.48339840132848355125 -1.90153084005666261902 -1.35179537818642248048
0.32223 -3.51894440800299479477 -3.09586655156853352011 -2.47408017451466566428 -1.87412853065473616887 -1.30709384876708512024
0.33334 -3.54003148765905173434 -3.10479040344163292886 -2.46459183045447449700 -1.84644396473597516284 -1.26209789111003112261
0.34445 -3.56125333919764308632 -3.11367283011750162203 -2.45484822868256369333 -1.81837060863993849047 -1.21668866005101228289
0.35556 -3.58257234498455678917 -3.12245475256082016813 -2.44476408259676025736 -1.78980464423148055708 -1.17075220342561125975
0.36667 -3.60394237834985409208 -3.13107137333101581689 -2.43425209774405448826 -1.76064335292504114960 -1.12417809146351443950
0.37778 -3.62530671966824558083 -3.13945023382457621963 -2.42322125064072446676 -1.73078362845355004929 -1.07685816942920431494
0.38890 -3.64659612677557865013 -3.14750941113135462857 -2.41157518903076262262 -1.70012059819136984729 -1.02868541207743624533
0.40001 -3.66772704640165203571 -3.15515584080286481949 -2.39921073907282833559 -1.66854633746273339767 -0.97955286314396172731
0.41112 -3.68859995679674490532 -3.16228375535430172860 -2.38601650850667157400 -1.63594866486085854795 -0.92935264671445783069
0.42223 -3.70909783445579854799 -3.16877323107199293517 -2.37187157763251876830 -1.60221000941601254830 -0.87797504015498639696
0.43334 -3.72908473998319944798 -3.17448883785699864646 -2.35664427212493832187 -1.56720634266612424135 -0.82530760052835416829
0.44445 -3.74840451982976397005 -3.17927838854076361130 -2.34019101343211133326 -1.53080617043763544949 -0.77123433819902642572
0.45556 -3.76687962197382653073 -3.18297178546225634221 -2.32235524388555392150 -1.49286958054018970010 -0.71563493274776135422
0.46667 -3.78431002468817556661 -3.18537996317592408957 -2.30296642474148649526 -1.45324734369365793363 -0.65838398745338211349
0.47778 -3.80047227839311041464 -3.18629392702460778608 -2.28183910625246921811 -1.41178006590015581168 -0.59935031951320139054
0.48889 -3.81511866128741328197 -3.18548388800726733905 -2.25877206957239762275 -1.36829739119175175510 -0.53839628391052196665
0.50001 -3.82797645000940844895 -3.18269849493179179944 -2.23354754086369311494 -1.32261725426254050930 -0.47537712943361926099
0.51112 -3.83874730703467825776 -3.17766416529586592787 -2.20593047843063772007 -1.27454518295829855035 -0.41014038583235024049
0.52223 -3.84710678688706098072 -3.17008451670416535606 -2.17566793406707992276 -1.22387365096967415390 -0.34252528148815641895
0.53334 -3.85270396354071120726 -3.15963990092409829913 -2.14248849009756670014 -1.17038148137231012846 -0.27236219128717920057
0.54445 -3.85516118163513921147 -3.14598704291741215755 -2.10610177382019880810 -1.11383330189239715402 -0.19947211463811073684
0.55556 -3.85407393432219480545 -3.12875878737065749036 -2.06619805123774114008 -1.05397905295909377621 -0.12366618377640570259
0.56667 -3.84901087072025172020 -3.10756395539095020553 -2.02244790209741154285 -0.99055354974411757851 -0.04474520265320591772
0.57778 -3.83951393607215818449 -3.08198731414035620446 -1.97450197835641372279 -0.92327609948956468333 0.03750078317287575819
0.58889 -3.82509864779345098995 -3.05158966225634786795 -1.92199084825251653719 -0.85185017549270558579 0.12329288513494679469
0.60000 -3.80525451065820385921 -3.01590803394983320018 -1.86452492819163406779 -0.77596314915448638683 0.21286373818128173641
0.61112 -3.77944557440347450594 -2.97445602468877101643 -1.80169450466815161960 -0.69528608150969561930 0.30645783462043130196
0.62223 -3.74711113704065956753 -2.92672424136401287953 -1.73306984841134403830 -0.60947357564308457523 0.40433182467147604777
0.63334 -3.70766659714237034606 -2.87218087979666103493 -1.65820142290267047436 -0.51816369135810880220 0.50675478310924948477
0.64445 -3.66050445832673343460 -2.81027243238107837797 -1.57662018933407099830 -0.42097792340492801166 0.61400844141966148815
0.65556 -3.60499548908572542416 -2.74042452856474527678 -1.48783800997718862469 -0.31752124449092000713 0.72638738492369503419
0.66667 -3.54049004099863573458 -2.66204291074334653544 -1.39134815180507565024 -0.20738221419105193344 0.84419921438964051763
0.67778 -3.46631952823329880786 -2.57451454799523782313 -1.28662589205220778688 -0.09013315474597557997 0.96776467173147784351
0.68889 -3.38179807106373386816 -2.47720888989095922028 -1.17312922721149170968 0.03466960541866986878 1.09741772948756532990
0.70000 -3.28622430591996561589 -2.36947926238772010876 -1.05029968674794460526 0.16748541979815817493 1.23350564388761818613
0.71111 -3.17888336422955530836 -2.25066440755218222236 -0.91756325255409065811 0.30878894309396048845 1.37638897144886862556
0.72223 -3.05904902200615591568 -2.12009016854382936756 -0.77433138487873132139 0.45906968147029103555 1.52644154919458219233
0.73334 -2.92598602178391864470 -1.97707132092955006897 -0.62000215512531098305 0.61883147384317660489 1.68405043876144611126
0.74445 -2.77895256807989943226 -1.82091355098432616799 -0.45396148553408272042 0.78859190456852523710 1.84961583485759484269
0.75556 -2.61720299708457604382 -1.65091558115488723502 -0.27558449532836265528 0.96888164823903000222 2.02355093875277658455
0.76667 -2.43999062072488159814 -1.46637144231775939929 -0.08423695241485343321 1.16024374768486948639 2.20628179772736254804
0.77778 -2.24657074460562133922 -1.26657289184073951205 0.12072317082635736218 1.36323282670611378720 2.39824711168071846856
0.78889 -2.03620385860431296621 -1.05081197574981977105 0.33994403975044973354 1.57841423954771520322 2.59989800840403839643
0.80000 -1.80815899806073376865 -0.81838373250144036408 0.57407820044657786873 1.80636315966878324701 2.81169778936091274701
0.81111 -1.56171727255177494875 -0.56858903495080337365 0.82378072710850369642 2.04766361096183047152 3.03412164819475327349
0.82222 -1.29617555816209106823 -0.30073756607901896976 1.08970727824631596903 2.30290744525120771868 3.26765636459828723304
0.83334 -1.01085034793384842544 -0.01415092287946107148 1.37251206720641127923 2.57269327065256003806 3.51279997664235743571
0.84445 -0.70508175378772430797 0.29183415850826127658 1.67284575358592157990 2.85762533621366765502 3.77006143517232539253
0.85556 -0.37823765163072664564 0.61786246481060846936 1.99135326338399321067 3.15831237919372487255 4.03996024444759349592
0.86667 -0.02971795958082596237 0.96455686484316016660 2.32867154714345714339 3.47536644238242864446 4.32302609382762081935
0.87778 0.34104096278165829670 1.33251477789544359176 2.68542728691790255624 3.80940167002601803858 4.61979848600372999812
0.88889 0.73456180851234242901 1.72230456535456566414 3.06223456467743249121 4.16103309222909878429 4.93082636804825202859
0.90000 1.15132172771325569371 2.13446186204544208209 3.45969250676055883886 4.53087540915476516545 5.25666777240773885893
0.91111 1.59174766214333396341 2.56948586647096721691 3.87838292122251804273 4.91954178796926555606 5.59788947591711583129
0.92222 2.05621163322755462488 3.02783561219253938290 4.31886794744809687785 5.32764268729455103824 5.95506668596564114893
0.93333 2.54502601040843945412 3.50992624603987479759 4.78168774023136311513 5.75578472596184997911 6.32878276411650908528
0.94445 3.05843879102583571239 4.01612534273661481166 5.26735821371256029977 6.20456961513575677714 6.71962899878368968842
0.95556 3.59662892771406328407 4.54674928993375804254 5.77636887415079058883 6.67459317542434771298 7.12820444001718467320
0.96667 4.15970174475133180891 5.10205978262397330525 6.30918077455840098366 7.16644446344847185770 7.55511581105940877023
0.97778 4.74768449096996825176 5.68226047155132629740 6.86622462878332395775 7.68070503554946881763 8.00097751313054850186
0.98889 5.36052208384773898331 6.28749381661991169068 7.44789912777873031047 8.21794837991343563033 8.46641174190205170191
1.00000 5.99807310736053622691 6.91783820355065870444 8.05456950661656279067 8.77873955244048254087 8.95204873635120357278
1.01111 6.66010613523381778123 7.57330539026138094272 8.68656641738755652682 9.36363505624060721289 9.45852718318326957103
1.02222 7.34629646153742132952 8.25383835878967531130 9.34418517058335140746 9.97318300977152816245 9.98649480279766343926
1.03333 8.05622333231147180754 8.95930965921400357388 10.02768541600833529515 10.60792365442092766159 10.53660914589328179147
1.04444 8.78936778531628881694 9.68952034413491425369 10.73729134386175765314 11.26839025887038836515 11.10953863330672142240
1.05556 9.54511122030509717717 10.44419960609442021848 11.47319249753195258279 11.95511048496718053968 11.70596387559366036157
1.06667 10.32273483973310490569 11.22300524608092686663 12.23554530204940959948 12.66860828818939666007 12.32657931326781231007
1.07778 11.12142011987376477578 12.02552511930678136309 13.02447542628440046997 13.40940643526815101438 12.97209522355504418556
1.08889 11.94025049532777771333 12.85127972510209559687 13.84008111310177646658 14.17802973228083196489 13.64324014508725824157
1.10000 12.77821446634982649471 13.69972613146403794815 14.68243763012556968306 14.97500906875091963855 14.34076377822830927755
